Bulbizarre,14,15,22,29,33,34,36,38,45,70,72,73,74,75,76,77,79,92,99,102,104,111,115,117,148,156,164
Herbizarre,14,15,22,29,33,34,36,38,45,70,72,73,74,75,76,77,79,92,99,102,104,111,113,115,117,148,156,164
Florizarre,14,15,22,29,33,34,36,38,45,46,63,70,72,73,74,75,76,77,79,80,89,92,99,102,104,111,113,115,117,148,156,164
Salameche,5,7,10,14,15,25,29,34,36,38,43,45,52,53,66,68,69,70,82,83,91,92,99,102,104,108,111,115,117,126,129,130,156,163,164
Reptincel,5,7,10,14,15,25,29,34,36,38,43,45,52,53,66,68,69,70,82,83,91,92,99,102,104,108,111,115,117,126,129,130,156,163,164
Dracaufeu,5,7,10,14,15,17,19,25,29,34,36,38,43,45,46,52,53,63,66,68,69,70,76,82,83,89,90,91,92,99,102,104,108,111,115,117,126,129,130,156,163,164
Carapuce,5,8,25,29,33,34,36,38,39,44,55,56,57,58,59,61,66,68,69,70,91,92,99,102,104,110,111,115,117,127,130,145,156,164
Carabaffe,5,8,25,29,33,34,36,38,39,44,55,56,57,58,59,61,66,68,69,70,91,92,99,102,104,110,111,115,117,127,130,145,156,164
Tortank,5,8,25,29,33,34,36,38,39,44,46,55,56,57,58,59,61,63,66,68,69,70,89,90,91,92,99,102,104,110,111,115,117,127,130,145,156,157,164
Chenipan,33,81
Chrysacier,106
Papilusion,13,16,18,36,38,48,60,63,72,76,77,78,79,92,93,94,99,100,102,104,115,117,129,148,149,156,164
Aspicot,40,81
Coconfort,106
Dardargnan,14,15,31,36,38,41,42,63,72,76,92,97,99,102,104,115,116,117,129,130,148,156,164
Roucool,13,16,17,18,19,28,33,36,38,92,97,98,99,102,104,115,117,119,129,143,156,164
Roucoups,13,16,17,18,19,28,33,36,38,92,97,98,99,102,104,115,117,119,129,143,156,164
Roucarnage,13,16,17,18,19,28,33,36,38,63,92,97,98,99,102,104,115,117,119,129,143,156,164
Rattata,15,29,33,34,36,38,39,55,58,59,61,85,87,91,92,98,99,102,104,111,116,117,129,130,156,158,162,164
Rattatac,14,15,29,33,34,36,38,39,44,46,55,58,59,61,63,70,85,87,91,92,98,99,102,104,111,116,117,129,130,156,158,162,164
Piafabec,13,18,19,31,36,38,43,45,64,65,92,97,99,102,104,117,119,129,143,156,164
Rapasdepic,13,18,19,31,36,38,43,45,63,64,65,92,97,99,102,104,117,119,129,143,156,164
Abo,29,34,35,36,38,40,43,44,51,70,72,89,90,91,92,99,102,103,104,114,117,130,137,156,157,164
Arbok,29,34,35,36,38,40,43,44,51,63,70,72,89,90,91,92,99,102,103,104,114,117,130,137,156,157,164
Pikachu,5,6,9,21,25,29,34,36,38,39,45,66,69,70,84,85,86,87,91,92,97,98,99,102,104,111,113,115,117,129,130,148,156,164
Raichu,5,6,9,25,29,34,36,38,39,45,63,66,69,70,84,85,86,87,91,92,98,99,102,104,111,113,115,117,129,130,148,156,164
Sabelette,10,14,15,28,29,34,36,38,40,66,69,70,89,90,91,92,99,102,104,111,117,129,130,154,156,157,163,164
Sablaireau,10,14,15,28,29,34,36,38,40,63,66,69,70,89,90,91,92,99,102,104,111,117,129,130,154,156,157,163,164
Nidoran F,10,15,24,29,33,34,36,38,39,40,44,45,58,59,70,85,87,91,92,99,102,104,111,115,117,130,154,156,164
Nidorina,10,15,24,29,32,33,34,36,38,39,40,44,45,55,58,59,61,70,85,87,91,92,99,102,104,111,115,117,130,154,156,164
Nidoqueen,5,6,7,8,9,10,15,24,25,29,32,33,34,36,38,39,40,46,55,57,58,59,61,63,66,68,69,70,85,87,89,90,91,92,99,102,104,111,115,117,126,130,156,157,164
Nidoran M,15,24,29,30,31,32,33,34,36,38,40,43,58,59,64,70,85,87,91,92,99,102,104,111,115,116,117,130,156,164
Nidorino,15,24,29,30,31,32,33,34,36,38,40,43,55,58,59,61,64,70,85,87,91,92,99,102,104,111,115,116,117,130,156,164
Nidoking,5,6,7,8,9,15,24,25,29,30,32,33,34,36,37,38,40,46,55,57,58,59,61,63,64,66,68,69,70,85,87,89,90,91,92,99,102,104,111,115,116,117,126,130,156,157,164
Melofee,1,3,5,7,8,9,25,29,34,36,38,45,47,55,58,59,61,66,68,69,70,76,85,86,87,91,92,94,99,100,102,104,107,111,113,115,117,118,126,130,138,148,149,156,161,164
Melodelfe,3,5,7,8,9,25,29,34,36,38,47,55,58,59,61,63,66,68,69,70,76,85,86,87,91,92,94,99,100,102,104,107,111,113,115,117,118,126,130,138,148,149,156,161,164
Goupix,29,34,36,38,39,46,52,53,83,91,92,98,99,102,104,109,115,117,126,129,130,156,164
Feunard,29,34,36,38,39,46,52,63,76,83,91,92,98,99,102,104,109,115,117,126,129,130,138,156,164
Rondoudou,1,3,5,7,8,9,25,29,34,36,38,47,50,55,58,59,61,66,68,69,70,76,85,86,87,91,92,94,99,100,102,104,111,113,115,117,126,130,138,148,149,156,161,164
Grodoudou,3,5,7,8,9,25,29,34,36,38,47,50,55,58,59,61,63,66,68,69,70,76,85,86,87,91,92,94,99,100,102,104,111,113,115,117,126,130,138,148,149,156,161,164
Nosferapti,13,17,18,19,36,38,44,48,72,92,99,102,104,109,114,117,129,141,156,164
Nosferalto,13,17,18,19,36,38,44,48,63,72,92,99,102,103,104,109,114,117,129,141,156,164
Mystherbe,14,15,36,38,51,71,72,76,77,78,79,80,92,99,102,104,115,117,148,156,164
Ortide,14,15,36,38,51,71,72,76,77,78,79,80,92,99,102,104,115,117,148,156,164
Rafflesia,14,15,34,36,38,51,63,71,72,76,77,78,79,80,92,99,102,104,115,117,148,156,164
Paras,10,14,15,34,36,38,72,74,76,77,78,91,92,99,102,104,115,117,130,141,147,148,156,163,164
Parasect,10,14,15,34,36,38,63,72,74,76,77,78,91,92,99,102,104,113,115,117,130,141,147,148,156,163,164
Mimitoss,33,36,38,48,50,60,72,76,77,78,79,92,93,94,99,102,104,115,117,129,141,148,149,156,164
Aeromite,13,16,18,33,36,38,48,50,60,63,72,76,77,78,79,92,93,94,99,100,102,104,115,117,129,141,148,149,156,164
Taupiqueur,10,15,28,34,36,38,45,89,90,91,92,99,102,104,117,154,156,157,163,164
Triopikeur,10,15,28,34,36,38,45,63,89,90,91,92,99,102,104,117,154,156,157,161,163,164
Miaouss,6,10,15,29,34,36,38,44,45,55,61,85,87,91,92,99,102,103,104,111,117,129,130,138,148,154,156,163,164
Persian,6,10,15,29,34,36,38,44,45,46,55,61,63,85,87,91,92,99,102,103,104,111,117,129,130,138,148,154,156,163,164
Psykokwak,5,6,8,10,25,29,34,36,38,39,50,55,56,57,58,59,61,66,68,69,70,91,92,93,99,102,103,104,117,127,129,130,133,148,154,156,164
Akwakwak,5,6,8,10,25,29,34,36,38,39,50,55,56,57,58,59,61,63,66,68,69,70,91,92,93,94,99,102,103,104,113,117,127,129,130,133,148,154,156,164
Ferosinge,2,5,6,7,8,9,10,25,29,34,36,37,38,43,66,67,68,69,70,85,87,89,91,92,99,102,103,104,111,116,117,118,129,130,154,156,157,164
Colossinge,2,5,6,7,8,9,10,25,29,34,36,37,38,43,63,66,67,68,69,70,85,87,89,91,92,99,102,103,104,111,116,117,118,129,130,154,156,157,164
Caninos,29,34,36,38,43,44,46,52,53,70,82,91,92,97,99,102,104,115,117,126,129,130,156,164
Arcanin,29,34,36,38,43,44,46,52,63,70,76,82,91,92,99,100,102,104,115,117,126,129,130,156,164
Ptitard,3,29,34,36,38,55,56,57,58,59,61,91,92,94,95,99,102,104,111,117,127,130,133,145,149,156,164
Tetarte,3,5,8,25,29,34,36,38,55,56,57,58,59,61,66,68,69,70,89,90,91,92,94,95,99,102,104,111,117,118,127,130,133,145,149,156,164
Tartard,3,5,8,25,29,34,36,38,55,57,58,59,61,63,66,68,69,70,89,90,91,92,94,95,99,102,104,111,117,118,127,130,149,156,157,164
Abra,5,7,8,9,25,29,34,36,38,66,68,69,86,92,94,99,100,102,104,115,117,118,130,138,148,149,156,161,164
Kadabra,5,7,8,9,25,29,34,36,38,50,60,66,68,69,86,91,92,93,94,99,100,102,104,105,113,115,117,118,130,134,138,148,149,156,161,164
Alakazam,5,7,8,9,25,29,34,36,38,50,60,63,66,68,69,86,91,92,93,94,99,100,102,104,105,113,115,117,118,130,134,138,148,149,156,161,164
Machoc,2,5,7,8,9,25,29,34,36,38,43,66,67,68,69,70,89,90,91,92,99,102,104,116,117,118,126,130,156,157,164
Machopeur,2,5,7,8,9,25,29,34,36,38,43,66,67,68,69,70,89,90,91,92,99,102,104,113,116,117,118,126,130,156,157,164
Mackogneur,2,5,7,8,9,25,29,34,36,38,43,63,66,67,68,69,70,89,90,91,92,99,102,104,113,116,117,118,126,130,156,157,164
Chetiflor,14,15,21,22,35,36,38,51,72,74,75,76,77,78,79,92,99,102,104,115,117,148,156,164
Boustiflor,14,15,21,22,35,36,38,51,72,74,75,76,77,78,79,92,99,102,104,115,117,148,156,164
Empiflor,14,15,22,34,35,36,38,51,63,72,75,76,77,78,79,92,99,102,104,115,117,148,156,164
Tentacool,14,15,35,36,38,40,48,51,55,56,57,58,59,61,72,92,99,102,103,104,112,115,117,127,130,132,156,164
Tentacruel,14,15,35,36,38,40,48,51,55,56,57,58,59,61,63,72,92,99,102,103,104,112,115,117,127,130,132,156,164
Racaillou,5,7,29,33,34,36,38,66,68,69,70,88,89,90,91,92,99,102,104,106,111,117,118,120,126,153,156,157,164
Gravalanch,5,7,29,33,34,36,38,66,68,69,70,88,89,90,91,92,99,102,104,106,111,117,118,120,126,153,156,157,164
Grolem,5,7,25,29,33,34,36,38,46,63,66,68,69,70,88,89,90,91,92,99,102,104,106,111,117,118,120,126,153,156,157,164
Ponyta,23,29,32,33,34,36,38,39,45,52,70,76,83,92,97,99,102,104,115,117,126,129,130,156,164
Galopa,23,29,31,32,33,34,36,38,39,45,52,63,70,76,83,92,97,98,99,102,104,115,117,126,129,130,156,164
Ramoloss,6,29,33,34,36,38,45,50,55,57,58,59,61,70,86,89,90,91,92,93,94,99,100,102,104,113,115,117,126,129,130,133,138,148,149,156,161,164
Flagadoss,5,6,8,25,29,33,34,36,38,45,50,55,57,58,59,61,63,66,68,69,70,86,89,90,91,92,93,94,99,100,102,104,110,113,115,117,126,129,130,133,138,148,149,156,161,164
Magneti,33,36,38,48,49,84,85,86,87,92,99,100,102,103,104,113,115,117,129,148,153,156,164
Magneton,33,36,38,48,49,63,84,85,86,87,92,99,100,102,103,104,113,115,117,129,148,153,156,161,164
Canarticho,13,14,15,18,19,28,29,31,34,36,38,43,64,92,97,99,102,104,115,117,129,130,156,163,164
Doduo,18,19,31,34,36,37,38,45,64,65,92,97,99,102,104,115,117,129,130,143,156,161,164
Dodrio,18,19,31,34,36,37,38,45,63,64,65,92,97,98,99,102,104,115,117,129,130,143,156,161,164
Otaria,6,29,32,34,36,38,45,55,57,58,59,61,62,70,92,99,102,104,117,127,130,156,164
Lamantine,6,29,32,34,36,38,45,55,57,58,59,61,62,63,70,92,99,102,104,117,127,130,156,164
Tadmorv,1,7,8,9,34,50,70,72,85,87,91,92,99,102,103,104,106,107,117,120,124,126,139,151,153,156,157,164
Grotadmorv,1,7,8,9,34,50,63,70,72,85,87,91,92,99,102,103,104,106,107,117,120,124,126,139,151,153,156,157,164
Kokiyas,33,36,38,43,48,55,56,57,58,59,61,62,92,99,100,102,104,110,115,117,120,128,129,153,156,161,164
Crustabri,36,38,48,55,57,58,59,61,62,63,92,99,100,102,104,110,115,117,120,128,129,131,153,156,161,164
Fantominus,72,85,87,92,94,95,99,101,102,104,109,117,120,122,138,149,153,156,164
Spectrum,72,85,87,92,94,95,99,101,102,104,109,117,120,122,138,149,153,156,164
Ectoplasma,5,7,8,9,25,29,34,36,38,63,66,68,69,70,72,85,87,92,94,95,99,101,102,104,109,117,118,120,122,130,138,149,153,156,164
Onix,20,21,29,33,34,36,38,46,70,88,89,90,91,92,99,102,103,104,106,117,120,130,153,156,157,164
Soporifik,1,5,7,8,9,25,29,34,36,38,50,60,66,68,69,86,92,93,94,95,96,99,100,102,104,115,117,118,130,138,139,148,149,156,161,164
Hypnomade,1,5,7,8,9,25,29,34,36,38,50,60,63,66,68,69,86,92,93,94,95,96,99,100,102,104,113,115,117,118,130,138,139,148,149,156,161,164
Krabby,11,12,14,15,23,34,36,38,43,55,57,58,59,61,70,92,99,102,104,106,117,145,152,156,157,164
Krabboss,11,12,14,15,21,23,34,36,38,43,55,57,58,59,61,63,70,91,92,99,102,104,106,117,145,152,156,157,164
Voltorbe,29,33,36,49,85,86,87,92,99,100,102,103,104,113,115,117,120,129,148,153,156,164
Electrode,29,33,36,49,63,85,86,87,92,99,100,102,103,104,113,115,117,120,129,130,148,153,156,164
Noeunoeuf,14,36,38,70,73,76,77,78,79,92,93,94,95,99,100,102,104,113,115,117,120,121,138,140,148,149,153,156,164
Noadkoko,14,23,29,36,38,63,70,72,76,92,93,94,95,99,100,102,104,113,115,117,120,121,138,140,148,149,153,156,164
Osselait,5,7,9,25,29,34,36,37,38,39,43,45,55,58,59,61,66,68,69,70,89,90,91,92,99,102,104,116,117,125,126,130,155,156,164
Ossatueur,5,7,9,25,29,34,36,37,38,39,43,45,55,58,59,61,63,66,68,69,70,89,90,91,92,99,102,104,116,117,125,126,130,155,156,164
Kicklee,5,24,25,26,27,29,34,36,38,66,68,69,70,89,92,96,99,102,104,116,117,118,129,130,136,156,164
Tygnon,4,5,7,8,9,25,29,34,36,38,66,68,69,70,89,92,97,99,102,104,117,118,129,130,156,164
Excelangue,5,7,8,9,14,15,21,23,25,29,34,35,36,38,48,50,55,57,58,59,61,63,66,68,69,70,76,85,87,89,90,91,92,99,102,103,104,111,117,122,126,130,138,156,164
Smogo,33,85,87,92,99,102,104,108,114,117,120,123,124,126,139,148,153,156,164
Smogogo,33,63,85,87,92,99,102,104,108,114,117,120,123,124,126,139,148,153,156,164
Rhinocorne,23,29,30,31,32,34,36,38,39,43,46,59,70,85,87,89,90,91,92,99,102,104,117,126,130,156,157,164
Rhinoferos,5,6,7,9,15,23,25,29,30,31,32,34,36,38,39,43,46,55,57,58,59,61,63,66,68,69,70,85,87,89,90,91,92,99,102,104,117,126,130,156,157,164
Leveinard,1,3,5,25,29,34,36,38,39,45,47,55,58,59,61,63,66,68,69,70,76,85,86,87,89,92,94,99,100,102,104,107,111,113,115,117,118,121,126,130,135,138,148,149,156,157,161,164
Saquedeneu,14,15,20,21,22,29,34,36,38,63,71,72,74,76,77,78,79,92,99,102,104,117,130,132,148,156,164
Kangourex,4,5,7,8,9,15,25,29,34,36,38,39,43,44,46,55,57,58,59,61,63,66,68,69,70,76,85,87,89,90,91,92,99,102,104,117,126,130,146,156,157,164
Hypotrempe,29,36,38,43,55,56,57,58,59,61,92,97,99,102,104,108,116,117,127,129,130,145,156,164
Hypocean,29,36,38,43,55,56,57,58,59,61,63,92,97,99,102,104,108,116,117,127,129,130,145,156,164
Poissirene,30,31,32,36,38,39,48,55,57,58,59,61,64,92,97,99,102,104,117,127,129,130,156,164
Poissoroy,30,31,32,36,38,39,48,55,57,58,59,61,63,64,92,97,99,102,104,117,127,129,130,156,164
Stari,33,36,38,55,56,57,58,59,61,85,86,87,92,94,99,100,102,104,105,106,107,113,115,117,127,129,130,148,149,156,161,164
Staross,33,36,38,55,57,58,59,61,63,85,86,87,92,94,99,100,102,104,105,106,109,113,115,117,127,129,130,138,148,149,156,161,164
M. Mime,3,5,7,8,9,25,29,34,36,38,60,63,66,68,69,76,85,86,87,92,93,94,96,99,100,102,104,112,113,115,117,118,130,138,148,149,156,164
Insecateur,14,15,17,29,36,38,43,63,92,97,98,99,102,104,116,117,129,130,156,163,164
Lippoutou,1,3,5,8,25,29,34,36,37,38,55,58,59,61,63,66,68,69,92,94,99,100,102,104,113,115,117,118,122,130,138,142,148,149,156,164
Elektek,5,7,8,9,25,29,34,36,38,43,63,66,67,68,69,70,84,85,86,87,92,94,98,99,100,102,103,104,113,115,117,118,129,130,148,149,156,164
Magmar,5,7,9,25,29,34,36,38,43,52,53,63,66,68,69,70,83,92,94,99,100,102,104,108,109,117,118,123,126,130,149,156,164
Scarabrute,11,12,14,15,20,29,34,36,37,38,63,66,69,70,89,91,92,99,102,104,106,116,117,156,163,164
Tauros,23,29,30,32,33,34,36,37,38,39,43,57,58,59,63,70,76,85,87,89,90,92,99,102,104,117,126,130,156,157,164
Magicarpe,33,150
Leviator,29,33,34,36,37,38,43,44,46,55,56,57,58,59,61,63,70,82,85,87,89,92,99,102,104,115,117,126,127,130,156,164
Lokhlass,29,32,34,36,38,45,46,47,54,55,56,57,58,59,61,63,70,76,82,85,87,92,94,99,102,104,109,115,117,127,130,138,149,156,164
Metamorph,144
Evoli,28,29,33,34,36,38,39,44,45,91,92,98,99,102,104,115,116,117,129,130,156,164
Aquali,28,29,33,34,36,38,39,44,46,54,55,56,57,58,59,61,62,63,70,91,92,98,99,102,104,114,115,117,127,129,130,151,156,164
Voltali,24,28,29,33,34,36,38,39,42,46,63,70,84,85,86,87,91,92,97,98,99,102,104,113,115,117,129,130,148,156,164
Pyroli,28,29,33,34,36,38,39,43,44,46,52,53,63,70,83,91,92,98,99,102,104,115,117,123,126,129,130,156,164
Porygon,33,36,38,58,59,60,63,76,85,86,87,92,94,97,99,100,102,104,105,115,117,129,130,138,148,149,156,159,160,161,164
Amonita,29,30,34,36,38,43,44,55,56,57,58,59,61,92,99,102,104,110,115,117,127,131,132,156,164
Amonistar,29,30,32,34,36,38,43,44,55,56,57,58,59,61,63,66,69,92,99,102,104,110,115,117,127,130,131,132,156,164
Kabuto,10,28,34,36,38,43,55,56,57,58,59,61,71,72,92,99,102,104,106,115,117,127,156,163,164
Kabutops,10,13,14,15,25,28,29,34,36,38,43,55,56,57,58,59,61,63,66,69,71,72,91,92,99,102,104,106,115,117,127,130,156,163,164
Ptera,13,17,18,19,29,36,38,44,46,48,63,70,82,89,92,97,99,102,104,115,117,126,129,143,156,164
Ronflex,5,6,7,8,9,25,29,33,34,36,38,55,57,58,59,61,63,66,68,69,70,76,85,87,89,90,92,94,99,102,104,106,111,115,117,118,120,126,130,133,149,156,157,164
Artikodin,13,16,18,19,36,38,46,54,55,58,59,61,63,64,92,97,99,102,104,115,117,129,143,156,164
Electhor,13,18,19,36,38,46,63,64,65,84,85,86,87,92,97,99,102,104,113,115,117,129,143,148,156,164
Sulfura,13,17,18,19,36,38,43,46,52,53,63,64,76,83,92,97,99,102,104,115,117,126,129,143,156,164
Minidraco,21,29,34,35,36,38,43,55,57,58,59,61,63,82,85,86,87,92,97,99,102,104,115,117,126,127,129,130,156,164
Draco,21,29,32,34,35,36,38,43,55,57,58,59,61,63,82,85,86,87,92,97,99,102,104,113,115,117,126,127,129,130,156,164
Dracolosse,7,8,9,13,15,17,19,21,29,32,34,35,36,38,43,46,55,57,58,59,61,63,70,82,85,86,87,89,92,97,99,102,104,113,115,117,126,127,129,130,156,157,164
Mewtwo,5,6,7,8,9,25,29,34,36,38,50,54,55,58,59,61,63,66,68,69,70,76,85,86,87,89,92,93,94,99,100,102,104,105,112,113,115,117,118,120,126,129,130,133,138,148,149,156,157,161,164
